Microsatellite polymorphism in Bulinus truncatus
Locus_1
Locus_2
Locus_3
Locus_4
Pop
BT0BA1E1 ,  184184 116116 258258 280280
BT0BA1E1_2 ,  184184 116116 258258 280280
BT0BA1E1_3 ,  184184 116116 258258 280280
BT0BA1E1_4 ,  184184 116116 258258 280280
BT0BA1E1_5 ,  184184 116116 258258 280280
BT0BA1E1_6 ,  184184 116116 258258 280280
BT0BA1E1_7 ,  184184 116116 258258 280280
BT0BA1E1_8 ,  184184 116116 258258 280280
BT0BA1E1_9 ,  184184 116116 258258 280280
BT0BA1E1_10 ,  184184 116116 258258 280280
BT0BA1E1_11 ,  184184 116116 258258 280280
BT0BA1E1_12 ,  184184 116116 258258 280280
BT0BA1E1_13 ,  184184 116116 258258 280280
BT0BA1E1_14 ,  184184 116116 258258 280280
BT0BA1E1_15 ,  184184 116116 258258 280280
BT0BA1E1_16 ,  184184 116116 258258 280280
BT0BA1E1_17 ,  184184 116116 258258 280280
BT0BA2E2 ,  184184 116116 258258 276276
BT0BA4E4 ,  184184 116116 258258 284284
BT0BA4E4_2 ,  184184 116116 258258 284284
BT0BA4E4_3 ,  184184 116116 258258 284284
BT0BA4E4_4 ,  184184 116116 258258 284284
BT0BA13E13 ,  184184 116116 262262 280280
BT0BA13E13_2 ,  184184 116116 262262 280280
BT0BA13E13_3 ,  184184 116116 262262 280280
BT0BA13E13_4 ,  184184 116116 262262 280280
BT0BA16E16 ,  184184 116116 262262 288288
BT0BA22E22 ,  184184 116116 262262 284284
BT0BA22E22_2 ,  184184 116116 262262 284284
BT0BA28E28 ,  186186 116116 258258 280280
Pop
BT0MN11 ,  184184 157157 318318 304304
BT0MN22 ,  180184 116116 318318 284284
BT0MN33 ,  184184 157157 246318 260260
BT0MN44 ,  180184 157157 254254 256284
BT0MN55 ,  180184 151157 250274 284284
BT0MN66 ,  180180 151151 250250 284284
BT0MN77 ,  184184 116116 306306 284284
BT0MN88 ,  184184 157157 310310 368368
BT0MN99 ,  184184 157157 306306 296296
BT0MN1010 ,  184184 116116 318318 260260
BT0MN1111 ,  184184 157157 250250 376376
BT0MN1212 ,  180180 116116 254254 288288
BT0MN1313 ,  180180 157157 254254 300304
BT0MN1514 ,  184184 116157 306306 260368
BT0MN1615 ,  180180 151151 318318 288296
BT0MN1716 ,  184184 151151 250250 348348
BT0MN1817 ,  184184 116159 250250 260260
BT0MN1918 ,  180180 116116 310310 260260
BT0MN2019 ,  180180 157157 254306 260260
BT0MN2120 ,  180180 151151 250310 260288
BT0MN2221 ,  184184 151151 250254 292292
BT0MN2322 ,  184184 157157 314314 256256
BT0MN2423 ,  184184 157157 250250 296296
BT0MN2524 ,  184184 157157 250250 288368
BT0MN2625 ,  184184 157157 310310 288368
BT0MN2726 ,  180180 157157 314314 368368
BT0MN2827 ,  184184 116116 314314 368368
BT0MN2928 ,  184184 157157 306306 260260
BT0MN3029 ,  184184 116116 274274 384384
Pop
BT0Npm11 ,  180180 157157 270270 416416
BT0Npm11_2 ,  180180 157157 270270 416416
BT0Npm22 ,  176176 143143 242242 296296
BT0Npm33 ,  176180 143143 262270 264264
BT0Npm44 ,  180180 157157 278278 420420
BT0Npm55 ,  180180 143143 238238 420420
BT0Npm66 ,  180180 157157 262262 396396
BT0Npm77 ,  180180 157157 278278 416416
BT0Npm88 ,  180180 143143 250250 416416
BT0Npm99 ,  180180 157157 270270 420420
BT0Npm99_2 ,  180180 157157 270270 420420
BT0Npm1010 ,  184184 143157 278278 284284
BT0Npm1111 ,  184184 143143 270270 424424
BT0Npm1212 ,  180180 143155 254270 356356
BT0Npm1313 ,  180180 157157 238238 284284
BT0Npm1414 ,  180180 143143 238238 284284
BT0Npm1515 ,  180180 143143 270270 416416
BT0Npm1515_2 ,  180180 143143 270270 416416
BT0Npm1616 ,  180180 157157 250250 284284
BT0Npm1818 ,  176180 157157 246278 420420
BT0Npm2020 ,  176176 157157 246246 284284
BT0Npm2121 ,  180184 157157 250250 392392
BT0Npm2222 ,  180180 157157 266266 254254
BT0Npm2323 ,  180180 143143 238238 352352
BT0Npm2424 ,  180180 157157 278282 416416
BT0Npm2525 ,  180180 143143 274274 412412
BT0Npm2726 ,  184184 143157 250270 288260
BT0Npm2927 ,  180180 143143 238270 356356
Pop
BT0NG1A1 ,  176176 143143 278278 416416
BT0NG2A2 ,  180180 157157 238238 392392
BT0NG3A3 ,  180180 157157 250250 260260
BT0NG4A4 ,  180180 143143 274274 416416
BT0NG5A5 ,  184184 143157 270270 264264
BT0NG7A6 ,  180180 155155 270270 352352
BT0NG7A6_2 ,  180180 155155 270270 352352
BT0NG11A8 ,  176176 143143 270270 356356
BT0NG12A9 ,  176176 143143 238238 288288
BT0NG13A10 ,  180180 157157 254254 284284
BT0NG14A11 ,  180184 143143 270270 256420
BT0NG16A12 ,  176176 143143 262262 380380
BT0NG16A12_2 ,  176176 143143 262262 380380
BT0NG72E13 ,  180180 143157 262262 256256
BT0NG74E15 ,  176180 143157 238238 396396
BT0NG76E16 ,  180180 143143 250250 288288
BT0NG77E17 ,  184184 157157 250250 288288
BT0NG78E18 ,  180180 157157 250250 416416
BT0NG79E19 ,  176180 143143 262274 416424
BT0NG80E20 ,  176180 143143 254262 288416
BT0NG81E21 ,  176176 143155 274278 404416
BT0NG82E22 ,  184184 157157 250250 256256
BT0NG85E23 ,  180180 157157 254254 420420
Pop
BT0NW021 ,  180180 143143 274274 284284
BT0NW032 ,  180180 143143 270270 260260
BT0NW043 ,  180180 157157 246246 384384
BT0NW043_2 ,  180180 157157 246246 384384
BT0NW054 ,  180180 143143 226226 396396
BT0NW065 ,  176176 143143 278278 396396
BT0NW076 ,  180180 143143 254254 284284
BT0NW076_2 ,  180180 143143 254254 284284
BT0NW087 ,  184184 143143 258258 292292
BT0NW098 ,  176176 157157 254254 284284
BT0NW109 ,  176176 143143 274274 396396
BT0NW109_2 ,  176176 143143 274274 396396
BT0NW109_3 ,  176176 143143 274274 396396
BT0NW1110 ,  184184 157157 270270 376376
BT0NW1110_2 ,  184184 157157 270270 376376
BT0NW1110_3 ,  184184 157157 270270 376376
BT0NW1211 ,  176176 143143 262262 288288
BT0NW1413 ,  180180 143143 258258 292292
BT0NW1514 ,  176176 143143 258258 284284
BT0NW1514_2 ,  176176 143143 258258 284284
BT0NW1716 ,  176176 143143 262262 284284
BT0NW1817 ,  176176 143143 274274 292292
BT0NW2019 ,  176176 143143 270270 408408
BT0NW2120 ,  180180 157157 274274 288288
BT0NW2221 ,  180180 157157 270270 396396
BT0NW2524 ,  180180 143143 274274 280280
BT0NW2625 ,  176176 143143 258258 280280
BT0NW2625_2 ,  176176 143143 258258 280280
BT0NW2625_3 ,  176176 143143 258258 280280
BT0NW2625_4 ,  176176 143143 258258 280280
BT0NW2625_5 ,  176176 143143 258258 280280
BT0NW2726 ,  176176 143143 274274 392392
BT0NW2827 ,  180180 143143 254254 280280
BT0NW2827_2 ,  180180 143143 254254 280280
BT0NW3029 ,  180180 143143 226226 392392
BT0NW3433 ,  180180 157157 274274 280280
BT0NW3534 ,  180180 143143 266266 258258
Pop
BT0TEI11 ,  184184 161161 238238 344344
BT0TEI11_2 ,  184184 161161 238238 344344
BT0TEI22 ,  184184 161161 290290 384384
BT0TEI22_2 ,  184184 161161 290290 384384
BT0TEI22_3 ,  184184 161161 290290 384384
BT0TEI22_4 ,  184184 161161 290290 384384
BT0TEI22_5 ,  184184 161161 290290 384384
BT0TEI22_6 ,  184184 161161 290290 384384
BT0TEI22_7 ,  184184 161161 290290 384384
BT0TEI22_8 ,  184184 161161 290290 384384
BT0TEI22_9 ,  184184 161161 290290 384384
BT0TEI22_10 ,  184184 161161 290290 384384
BT0TEI22_11 ,  184184 161161 290290 384384
BT0TEI22_12 ,  184184 161161 290290 384384
BT0TEI22_13 ,  184184 161161 290290 384384
BT0TEI22_14 ,  184184 161161 290290 384384
BT0TEI22_15 ,  184184 161161 290290 384384
BT0TEI22_16 ,  184184 161161 290290 384384
BT0TEI33 ,  184184 161161 294294 380380
BT0TEI33_2 ,  184184 161161 294294 380380
BT0TEI55 ,  184184 143143 294294 376376
BT0TEI55_2 ,  184184 143143 294294 376376
BT0TEI55_3 ,  184184 143143 294294 376376
BT0TEI55_4 ,  184184 143143 294294 376376
BT0TEI55_5 ,  184184 143143 294294 376376
BT0TEI55_6 ,  184184 143143 294294 376376
BT0TEI99 ,  184184 143143 294294 384384
BT0TEI1010 ,  184184 143143 290290 384384
BT0TEI1212 ,  180180 143143 290290 384384
BT0TEI1313 ,  184184 161161 290290 388384
BT0TEI2222 ,  184184 161161 298298 384384
BT0TEI2222_2 ,  184184 161161 298298 384384
BT0TEI2929 ,  184184 161161 294294 384384
BT0TEI2929_2 ,  184184 161161 294294 384384
BT0TEI3030 ,  184184 149149 238238 384384
BT0TEI3535 ,  184184 161161 294298 376376
Pop
BT0BYI11 ,  184184 163163 282282 424428
BT0BYI11_2 ,  184184 163163 282282 424428
BT0BYI11_3 ,  184184 163163 282282 424428
BT0BYI11_4 ,  184184 163163 282282 424428
BT0BYI11_5 ,  184184 163163 282282 424428
BT0BYI22 ,  184184 163163 278286 424428
BT0BYI44 ,  184184 163163 282282 424424
BT0BYI44_2 ,  184184 163163 282282 424424
BT0BYI44_3 ,  184184 163163 282282 424424
BT0BYI44_4 ,  184184 163163 282282 424424
BT0BYI44_5 ,  184184 163163 282282 424424
BT0BYI55 ,  184184 163163 278278 424424
BT0BYI55_2 ,  184184 163163 278278 424424
BT0BYI55_3 ,  184184 163163 278278 424424
BT0BYI55_4 ,  184184 163163 278278 424424
BT0BYI55_5 ,  184184 163163 278278 424424
BT0BYI55_6 ,  184184 163163 278278 424424
BT0BYI55_7 ,  184184 163163 278278 424424
BT0BYI55_8 ,  184184 163163 278278 424424
BT0BYI55_9 ,  184184 163163 278278 424424
BT0BYI55_10 ,  184184 163163 278278 424424
BT0BYI55_11 ,  184184 163163 278278 424424
BT0BYI1515 ,  184184 163163 282282 428428
BT0BYI1616 ,  184184 163163 278278 428428
BT0BYI1616_2 ,  184184 163163 278278 428428
BT0BYI1616_3 ,  184184 163163 278278 428428
BT0BYI1616_4 ,  184184 163163 278278 428428
BT0BYI1616_5 ,  184184 163163 278278 428428
BT0BYI2424 ,  184184 163163 282286 424424
BT0BYI2727 ,  184184 163163 282278 424424
Pop
BT0BYII11 ,  184184 163163 282282 432432
BT0BYII11_2 ,  184184 163163 282282 432432
BT0BYII11_3 ,  184184 163163 282282 432432
BT0BYII11_4 ,  184184 163163 282282 432432
BT0BYII11_5 ,  184184 163163 282282 432432
BT0BYII11_6 ,  184184 163163 282282 432432
BT0BYII11_7 ,  184184 163163 282282 432432
BT0BYII11_8 ,  184184 163163 282282 432432
BT0BYII11_9 ,  184184 163163 282282 432432
BT0BYII66 ,  184184 163163 282282 424428
BT0BYII66_2 ,  184184 163163 282282 424428
BT0BYII77 ,  184184 163163 282282 436436
BT0BYII77_2 ,  184184 163163 282282 436436
BT0BYII99 ,  184184 163163 286286 428428
BT0BYII99_2 ,  184184 163163 286286 428428
BT0BYII99_3 ,  184184 163163 286286 428428
BT0BYII99_4 ,  184184 163163 286286 428428
BT0BYII99_5 ,  184184 163163 286286 428428
BT0BYII110 ,  184184 163163 278278 424424
BT0BYII114 ,  184184 163163 282282 428428
BT0BYII114_2 ,  184184 163163 282282 428428
BT0BYII114_3 ,  184184 163163 282282 428428
BT0BYII218 ,  184184 163163 286286 424428
Pop
BT0Bk11 ,  184184 165165 214214 264264
BT0Bk11_2 ,  184184 165165 214214 264264
BT0Bk11_3 ,  184184 165165 214214 264264
BT0Bk11_4 ,  184184 165165 214214 264264
BT0Bk11_5 ,  184184 165165 214214 264264
BT0Bk22 ,  184184 157157 214214 256256
BT0Bk44 ,  184184 165165 394394 268268
BT0Bk55 ,  184184 165165 386386 264264
BT0Bk55_2 ,  184184 165165 386386 264264
BT0Bk55_3 ,  184184 165165 386386 264264
BT0Bk55_4 ,  184184 165165 386386 264264
BT0Bk55_5 ,  184184 165165 386386 264264
BT0Bk88 ,  184184 165165 214214 260264
BT0Bk1010 ,  184184 165165 206206 264264
BT0Bk1010_2 ,  184184 165165 206206 264264
BT0Bk1010_3 ,  184184 165165 206206 264264
BT0Bk1111 ,  184184 157157 242242 256256
BT0Bk1414 ,  184184 157157 242242 276276
BT0Bk1616 ,  184184 165165 242242 264264
BT0Bk1717 ,  184184 165165 290290 264264
BT0Bk1919 ,  184184 165165 398398 276276
Pop
BT0F11 ,  180180 157157 350350 252252
BT0F11_2 ,  180180 157157 350350 252252
BT0F22 ,  180180 157157 214214 252252
BT0F22_2 ,  180180 157157 214214 252252
BT0F44 ,  184184 159159 394394 296296
BT0F55 ,  180180 157157 358358 248248
BT0F66 ,  180180 157157 342342 248248
BT0F77 ,  180180 165165 390390 272272
BT0F99 ,  180180 157157 346346 256256
BT0F1010 ,  180180 165165 386386 272272
BT0F1311 ,  180180 157157 390390 252252
BT0F1412 ,  184184 165165 350350 252256
Pop
BT0K11 ,  184184 155155 286286 336336
BT0K11_2 ,  184184 155155 286286 336336
BT0K11_3 ,  184184 155155 286286 336336
BT0K11_4 ,  184184 155155 286286 336336
BT0K22 ,  184184 155155 290290 328328
BT0K33 ,  184184 155155 286286 328328
BT0K33_2 ,  184184 155155 286286 328328
BT0K44 ,  184184 155155 278278 328336
BT0K55 ,  184184 155155 286286 332332
BT0K55_2 ,  184184 155155 286286 332332
BT0K55_3 ,  184184 155155 286286 332332
BT0K55_4 ,  184184 155155 286286 332332
BT0K55_5 ,  184184 155155 286286 332332
BT0K66 ,  184184 155155 286286 340340
BT0K77 ,  184184 155155 282282 328336
BT0K88 ,  184184 155155 290290 336336
Pop
BT0KO11 ,  180180 143143 254254 404408
BT0KO22 ,  176176 157157 254254 296296
BT0KO22_2 ,  176176 157157 254254 296296
BT0KO44 ,  180180 143143 258258 260260
BT0KO44_2 ,  180180 143143 258258 260260
BT0KO55 ,  180180 157157 250250 252252
BT0KO66 ,  180180 157157 250250 280280
BT0KO88 ,  180180 157157 254254 288412
BT0KO99 ,  180180 157157 262278 376412
BT0KO1010 ,  180180 143157 250250 288380
BT0KO1111 ,  184184 143157 242242 380380
BT0KO1212 ,  180180 157157 262262 280280
BT0KO1313 ,  180180 157157 266266 416412
BT0KO1414 ,  180180 143143 254254 256256
BT0KO1515 ,  180180 157157 254254 284284
BT0KO1616 ,  180180 143143 250250 256256
BT0KO1717 ,  180180 155155 246246 268268
BT0KO1818 ,  180180 143155 246250 260280
BT0KO1919 ,  180180 157157 266266 284284
BT0KO2020 ,  184184 157157 262262 412412
BT0KO2121 ,  180180 143143 254254 260260
BT0KO2121_2 ,  180180 143143 254254 260260
BT0KO2323 ,  184184 155155 246246 268268
BT0KO2424 ,  180180 155157 254254 420420
BT0KO2525 ,  184184 155155 282282 332332
BT0KO2525_2 ,  184184 155155 282282 332332
BT0KO2525_3 ,  184184 155155 282282 332332
BT0KO2626 ,  184184 155155 282286 340332
BT0KO2626_2 ,  184184 155155 282286 340332
BT0KO2727 ,  184184 155155 282286 340340
BT0KO2828 ,  184184 155155 286286 340332
Pop
BT0MD11 ,  180180 165165 382382 244244
BT0MD11_2 ,  180180 165165 382382 244244
BT0MD11_3 ,  180180 165165 382382 244244
BT0MD11_4 ,  180180 165165 382382 244244
BT0MD11_5 ,  180180 165165 382382 244244
BT0MD11_6 ,  180180 165165 382382 244244
BT0MD11_7 ,  180180 165165 382382 244244
BT0MD11_8 ,  180180 165165 382382 244244
BT0MD11_9 ,  180180 165165 382382 244244
BT0MD22 ,  180180 157157 206206 260260
BT0MD22_2 ,  180180 157157 206206 260260
BT0MD22_3 ,  180180 157157 206206 260260
BT0MD43 ,  180180 165165 346346 260260
BT0MD54 ,  180180 157157 210210 260260
BT0MD54_2 ,  180180 157157 210210 260260
BT0MD54_3 ,  180180 157157 210210 260260
BT0MD65 ,  180180 165165 210210 244244
BT0MD87 ,  180184 157157 382394 268272
BT0MD1311 ,  180180 165165 382382 248248
BT0MD1412 ,  180180 165165 382386 268268
BT0MD1816 ,  180180 165165 342342 260260
BT0MD2018 ,  179180 165165 382382 244244
BT0MD2119 ,  180180 165165 378378 248248
BT0MD2220 ,  184184 157157 398394 272272
BT0MD2321 ,  180180 165165 346346 244244
BT0MD2623 ,  180180 165165 386386 268268
BT0MD2724 ,  184184 165165 330330 272272
BT0MD2724_2 ,  184184 165165 330330 272272
BT0MD2926 ,  184184 157157 330330 260260
BT0MD3128 ,  179180 165165 346346 244244
BT0MD3229 ,  180180 165165 346346 248248
BT0MD3330 ,  180180 157157 206206 244244
BT0MD3431 ,  180180 157157 390390 260260
Pop
BT0M7A1 ,  184184 151151 250254 256284
BT0M8A2 ,  184184 116151 250278 260288
BT0M9A3 ,  180180 157157 254254 260260
BT0M1A4 ,  179179 116116 318318 368368
BT0M2A5 ,  184184 116116 254254 260260
BT0M3A6 ,  184184 157157 310310 256256
BT0M4A7 ,  184184 116116 310310 260288
BT0M5A8 ,  184184 116116 250250 260284
BT0M6A9 ,  184184 116116 254254 256288
BT0M64A10 ,  184184 157157 250250 296296
BT0M64A10_2 ,  184184 157157 250250 296296
BTOM73A11 ,  184184 116116 250250 260260
BT0M104A12 ,  180184 157157 278278 288288
BT0M118A13 ,  180180 157157 314314 288288
BT0M119A14 ,  184184 157157 314314 260260
BT0M119A14_2 ,  184184 157157 314314 260260
BT0M125E15 ,  180180 157157 250250 300300
BT0M127E16 ,  180180 116116 250250 368368
BT0M128E17 ,  184184 157157 254254 296296
BT0M11A19 ,  180184 116116 254314 260260
BT0M12A20 ,  184184 157157 254254 288288
BT0M13A21 ,  180180 157157 310310 256280
BT0M14A22 ,  184184 116116 310310 296296
BT0M15A23 ,  184184 116116 250250 260300
BT0M108A25 ,  184184 116157 250314 256288
BT0M109A26 ,  184184 116116 310310 260260
BT0M126E27 ,  184184 116116 274310 260288
BT0M140E28 ,  180184 157157 250314 256368
